14
M_Simple
3 3
1 1 1
1 1 1
1 1 1
1
Cruz_3x3
3 3
0 1 0
1 1 1
0 1 0
1
Equis_3x3
3 3
1 0 1
0 1 0
1 0 1
1
Cuadro_3x3
3 3
1 1 1
1 0 1
1 1 1
1
Cruz_5x5
5 5
0 0 1 0 0
0 0 1 0 0
1 1 1 1 1
0 0 1 0 0
0 0 1 0 0
1
Equis_5x5
5 5
1 0 0 0 1
0 1 0 1 0
0 0 1 0 0
0 1 0 1 0
1 0 0 0 1
1
Diamante_5x5
5 5
0 0 1 0 0
0 1 1 1 0
1 1 1 1 1
0 1 1 1 0
0 0 1 0 0
1
Cuadro_5x5
5 5
1 1 1 1 1
1 0 0 0 1
1 0 1 0 1
1 0 0 0 1
1 1 1 1 1
1
Octagonal_5x5
5 5
0 1 1 1 0
1 1 1 1 1 
1 1 1 1 1
1 1 1 1 1
0 1 1 1 0
1
Cocol_5x5
5 5
0 0 1 0 0 
0 1 1 1 0
1 1 1 1 1 
0 1 1 1 0
0 0 1 0 0
1
Rect_3x5
3 5
0 1 1 1 0
0 1 1 1 0
0 1 1 1 0
1
Diagonal_5x3
5 3
0 0 1
0 1 1
1 1 1
1 1 0
1 0 0
1
Gusano_3x7
3 7
0 1 0 1 0 1 0
1 1 1 1 1 1 1
0 1 0 1 0 1 0
1
Flecha_7x3
7 3
0 1 0
0 1 0
0 1 0
0 1 0
0 1 0
1 1 1
0 1 0
1